Условия:
A:
[[1.         0.5        0.33333333 0.25       0.2        0.16666667
  0.14285714 0.125      0.11111111 0.1        0.09090909 0.08333333
  0.07692308 0.07142857 0.06666667]
 [0.5        0.33333333 0.25       0.2        0.16666667 0.14285714
  0.125      0.11111111 0.1        0.09090909 0.08333333 0.07692308
  0.07142857 0.06666667 0.0625    ]
 [0.33333333 0.25       0.2        0.16666667 0.14285714 0.125
  0.11111111 0.1        0.09090909 0.08333333 0.07692308 0.07142857
  0.06666667 0.0625     0.05882353]
 [0.25       0.2        0.16666667 0.14285714 0.125      0.11111111
  0.1        0.09090909 0.08333333 0.07692308 0.07142857 0.06666667
  0.0625     0.05882353 0.05555556]
 [0.2        0.16666667 0.14285714 0.125      0.11111111 0.1
  0.09090909 0.08333333 0.07692308 0.07142857 0.06666667 0.0625
  0.05882353 0.05555556 0.05263158]
 [0.16666667 0.14285714 0.125      0.11111111 0.1        0.09090909
  0.08333333 0.07692308 0.07142857 0.06666667 0.0625     0.05882353
  0.05555556 0.05263158 0.05      ]
 [0.14285714 0.125      0.11111111 0.1        0.09090909 0.08333333
  0.07692308 0.07142857 0.06666667 0.0625     0.05882353 0.05555556
  0.05263158 0.05       0.04761905]
 [0.125      0.11111111 0.1        0.09090909 0.08333333 0.07692308
  0.07142857 0.06666667 0.0625     0.05882353 0.05555556 0.05263158
  0.05       0.04761905 0.04545455]
 [0.11111111 0.1        0.09090909 0.08333333 0.07692308 0.07142857
  0.06666667 0.0625     0.05882353 0.05555556 0.05263158 0.05
  0.04761905 0.04545455 0.04347826]
 [0.1        0.09090909 0.08333333 0.07692308 0.07142857 0.06666667
  0.0625     0.05882353 0.05555556 0.05263158 0.05       0.04761905
  0.04545455 0.04347826 0.04166667]
 [0.09090909 0.08333333 0.07692308 0.07142857 0.06666667 0.0625
  0.05882353 0.05555556 0.05263158 0.05       0.04761905 0.04545455
  0.04347826 0.04166667 0.04      ]
 [0.08333333 0.07692308 0.07142857 0.06666667 0.0625     0.05882353
  0.05555556 0.05263158 0.05       0.04761905 0.04545455 0.04347826
  0.04166667 0.04       0.03846154]
 [0.07692308 0.07142857 0.06666667 0.0625     0.05882353 0.05555556
  0.05263158 0.05       0.04761905 0.04545455 0.04347826 0.04166667
  0.04       0.03846154 0.03703704]
 [0.07142857 0.06666667 0.0625     0.05882353 0.05555556 0.05263158
  0.05       0.04761905 0.04545455 0.04347826 0.04166667 0.04
  0.03846154 0.03703704 0.03571429]
 [0.06666667 0.0625     0.05882353 0.05555556 0.05263158 0.05
  0.04761905 0.04545455 0.04347826 0.04166667 0.04       0.03846154
  0.03703704 0.03571429 0.03448276]]
b:
[ 1.          0.54030231 -0.41614684 -0.9899925  -0.65364362  0.28366219
  0.96017029  0.75390225 -0.14550003 -0.91113026 -0.83907153  0.0044257
  0.84385396  0.90744678  0.13673722]
реальное решение:
[ 5.76505181e+06 -6.91197311e+08  1.70147345e+10 -1.00772807e+11
 -9.07215239e+11  1.53576077e+13 -8.93431470e+13  2.73141103e+14
 -4.41426381e+14  2.14251030e+14  5.36169397e+14 -1.18554893e+15
  1.07675562e+15 -4.89719652e+14  9.13550454e+13]
решение методом вращений:
[ 1.78220887e+07 -2.70005023e+09  9.96395033e+10 -1.56930291e+12
  1.31160278e+13 -6.47083028e+13  1.98251118e+14 -3.80747216e+14
  4.38850696e+14 -2.52898289e+14  5.28445275e+12  5.30503388e+13
  1.93587894e+13 -4.10851997e+13  1.29999532e+13]
решение методом LU:
[ 1.          0.04030231 -0.78978248 -0.09159086  0.65120907  0.12493039
 -0.53179504 -0.14359679  0.43076271  0.1514785  -0.34614419 -0.15301027
  0.26535989  0.2560827   0.95532592]
[ 1.50629136e+07 -2.18688326e+09  7.68647910e+10 -1.14246263e+12
  8.89632237e+12 -4.02157048e+13  1.10930489e+14 -1.92498939e+14
  2.31968942e+14 -2.86077267e+14  4.71038231e+14 -6.56290357e+14
  5.65810265e+14 -2.63634432e+14  5.11402468e+13]
будем менять параметр регуляризации от 1.e-3 - 1.e+3
[ 1.          0.04030231 -0.78978248 -0.09159086  0.65120907  0.12493039
 -0.53179504 -0.14359679  0.43076271  0.1514785  -0.34614419 -0.15301027
  0.26535989  0.2560827   0.95532592]
[ 5.86505181e+01 -6.94075777e+03  1.77067234e+05 -1.26642922e+06
 -6.96834777e+06  1.67746425e+08 -1.11565522e+09  3.81576436e+09
 -7.08469998e+09  5.38803877e+09  5.05272353e+09 -1.65133150e+10
  1.71191057e+10 -8.54880002e+09  1.72763788e+09]
[ 5.77505181e+02 -6.94079145e+04  1.77059837e+06 -1.26061350e+07
 -7.55798438e+07  1.64635873e+09 -1.04351415e+10  3.44182763e+10
 -6.15508055e+10  4.19924022e+10  5.30761711e+10 -1.49781432e+11
  1.48402094e+11 -7.18194489e+10  1.41382479e+10]
[ 5.76605181e+03 -6.94076916e+05  1.76980019e+07 -1.21794050e+08
 -8.19169960e+08  1.60778366e+10 -9.89125996e+10  3.17747825e+11
 -5.47609400e+11  3.34739450e+11  5.39930707e+11 -1.37721184e+12
  1.31979359e+12 -6.24050622e+11  1.20419619e+11]
[ 5.76515181e+04 -6.94051292e+06  1.76284646e+08 -1.12067127e+09
 -8.58413650e+09  1.57863666e+11 -9.47012448e+11  2.97385054e+12
 -4.98048530e+12  2.77066276e+12  5.40869275e+12 -1.28976963e+13
  1.20640534e+13 -5.60581928e+12  1.06542799e+12]
[ 5.76506181e+05 -6.93817788e+07  1.73445916e+09 -1.06149816e+10
 -8.86200952e+10  1.55517049e+12 -9.17026889e+12  2.83729926e+13
 -4.65972130e+13  2.41093412e+13  5.39001438e+13 -1.23130994e+14
  1.13291059e+14 -5.20162704e+13  9.78361787e+12]
[ 5.76505281e+06 -6.92638573e+08  1.71093100e+10 -1.02312407e+11
 -9.01235878e+11  1.54150802e+13 -9.00334784e+13  2.76221544e+14
 -4.48525615e+14  2.21941509e+14  5.37116412e+14 -1.19884714e+15
  1.09294825e+15 -4.98457861e+14  9.32084672e+13]
[ 5.76505191e+07 -6.91459358e+09  1.70303094e+11 -1.01019130e+12
 -9.06275411e+12  1.53667203e+14 -8.94517403e+14  2.73623875e+15
 -4.42535748e+15  2.15448258e+15  5.36324252e+15 -1.18762872e+16
  1.07928111e+16 -4.91080291e+15  9.16432675e+14]
[ 5.76505182e+08 -6.91225850e+10  1.70164265e+12 -1.00799532e+13
 -9.07113431e+13  1.53585967e+15 -8.93549209e+15  2.73193421e+16
 -4.41546554e+16  2.14380644e+16  5.36186296e+16 -1.18577427e+17
  1.07702912e+17 -4.89866962e+16  9.13862427e+15]
[ 5.76505181e+09 -6.91200190e+11  1.70149052e+13 -1.00775503e+14
 -9.07204969e+14  1.53577075e+16 -8.93443348e+16  2.73146381e+17
 -4.41438504e+17  2.14264106e+17  5.36171104e+17 -1.18557166e+18
  1.07678321e+18 -4.89734513e+17  9.13581925e+16]
