Условия, A и b
[[-22.     0.     0.25   0.     0.  ]
 [  2.   -20.     1.     0.5    0.  ]
 [ -2.     2.   -18.     2.     0.75]
 [  0.    -2.     2.     2.     3.  ]
 [  0.     0.    -2.     0.     2.  ]]
[0 1 2 3 4]
реальное решение:
[-0.00196475 -0.08772846 -0.17289817 -1.15548303  1.82710183]
решение методом вращений, погрешность:
[-0.00196475 -0.08772846 -0.17289817 -1.15548303  1.82710183]
8.015578153976075e-16
решение методом LU, погрешность:
[0.         1.         2.1        3.12238427 4.09527432]
[-0.00196475 -0.08772846 -0.17289817 -1.15548303  1.82710183]
0.0
